time,x,y,z,phi,theta,psi,x_velocity,y_velocity,z_velocity,phi_velocity,theta_velocity,psi_velocity,rotor_speed1,rotor_speed2,rotor_speed3,rotor_speed4
0.06,-4.9465803415e-06,1.74578386624e-05,10.0020984869,0.00515098581655,0.00114448686824,0.0,-0.0002892018375,0.00106134945133,0.0699463773586,0.0236909427091,-0.0129803804691,0.0,427.60497642234895,426.498043912735,426.4554975264489,428.4738989843217
0.12000000000000001,-5.09215376324e-05,0.000237570512288,10.011626732,0.013595352708,0.00148184028305,0.0,-0.00129614862171,0.00726854534206,0.247631204298,-0.00656401444596,-0.0258157730613,0.0,462.14234202658514,461.1297849899443,461.38281145377374,458.98831014457244
0.18,-0.000177481157689,0.000983568704127,10.0316245437,0.0136804316863,0.00542752592918,0.0,-0.00333903912605,0.0175996595354,0.418913488668,-8.86674522343e-05,-0.00130987142926,0.0,458.56854875695075,460.51078815667194,458.339879608552,458.8542142566376
0.23999999999999996,-0.000499722459487,0.00232320690512,10.0595522278,0.0148766224018,0.00860044519165,0.0,-0.0077037625056,0.0271641642157,0.511968092248,0.0107787400718,0.0172795891695,0.0,433.6344884292893,435.19295910628307,434.9653743354609,435.8743279127211
0.3,-0.00112804044648,0.00423643989277,10.0914961173,0.0155330545151,0.00966080809673,0.0,-0.013338088748,0.0366737245609,0.552807078924,0.00796476272674,0.0181460867211,0.0,418.49645131457913,418.57180396620413,417.6374959504012,417.3919069099984
0.36000000000000004,-0.00220819603205,0.00687658843013,10.1343986325,0.0186050673478,0.0128947645131,0.0,-0.0230823617699,0.0517210646079,0.877073966878,0.0244490707557,0.0330352275598,0.0,503.66797110771876,504.74348081713487,502.1245193393801,503.3186599321867
0.4200000000000001,-0.0039431712617,0.0104266806547,10.1926304074,0.0216123971566,0.0239406922989,0.0,-0.0360559286887,0.0669742219453,1.06380025344,0.00960032970482,-0.00116633344654,0.0,465.70419946369555,463.0216944438661,465.17175629271077,464.00763191862865
0.48000000000000015,-0.00663653805538,0.0149111628203,10.2599778098,0.0235188936661,0.0293185940078,0.0,-0.0543105198802,0.0827192673011,1.18097807259,-0.00429203570523,-0.0279629292656,0.0,444.15490681080377,441.952076037281,444.7052791089922,443.5659242772007
0.5400000000000001,-0.0104540499499,0.0203558957744,10.3322867747,0.0320777720063,0.028640266196,0.0,-0.0728860607765,0.0996098338012,1.22924754284,-0.0380406258914,-0.0401800793847,0.0,421.48429578358787,420.42676138587063,424.0062409868802,421.0971815470856
0.6000000000000002,-0.0154770849036,0.0270578201345,10.4110231472,0.0320918530277,0.0291319703407,0.0,-0.0945787376242,0.123765383322,1.39510806742,-0.0225967887899,-0.0226788727424,0.0,458.0421676281956,459.43125856497727,458.7272329619572,459.9514401680019
0.6600000000000003,-0.021866955422,0.0352587079392,10.5013974828,0.0307722915273,0.0301279163615,0.0,-0.118550167135,0.149433402038,1.61708093609,-0.0262030644322,-0.040738468927,0.0,477.1228039414152,475.74195319212794,475.9936955849882,475.717637095047
0.7200000000000003,-0.0296077231248,0.0448694415394,10.6018892207,0.0293737556938,0.0276863797401,0.0,-0.139218990675,0.170778919188,1.73248566947,-0.0321231562483,-0.0432702753172,0.0,444.69393842726856,444.48559154259175,444.72862931360004,444.2432861838765
0.7800000000000004,-0.0385263631314,0.0557311344983,10.7086878756,0.0331970853882,0.0271167740722,0.0,-0.157993292081,0.191634193227,1.82731075962,-0.00702636069219,-0.0288297035533,0.0,437.52876489848126,438.7285316003052,437.646791555839,439.7304487654651
0.8400000000000004,-0.0486131926436,0.0679387557583,10.8219314435,0.0344661242311,0.0351845988001,0.0,-0.179041076931,0.215397444222,1.94724549138,0.00606754864835,0.00427990647998,0.0,445.11611314780083,447.81729759812896,446.3424984235769,447.40981114252054
0.9000000000000005,-0.0601632786477,0.0816731322352,10.943600826,0.0425707541127,0.0384276202587,0.0,-0.206334578695,0.243338518574,2.10806190995,-0.0256333899319,-0.0158881002055,0.0,461.1887737413536,459.59318172002895,460.36555054299174,457.8505016786116
0.9600000000000005,-0.0732968018988,0.097105164639,11.0720784463,0.0414730353702,0.0374624578727,0.0,-0.231353276298,0.270943042721,2.1744059265,-0.0194663703516,-0.0169659176092,0.0,430.9513286876934,430.86030010858326,430.55156610379663,431.07290729770375
1.0200000000000005,-0.0880840711568,0.114344872265,11.2084780747,0.0424453256716,0.0416358114324,0.0,-0.262058010994,0.303828151036,2.37182603189,-0.0367373455527,-0.0431539661219,0.0,473.1109107894918,471.0902343398122,471.8560482929985,470.52083226448104
1.0800000000000005,-0.10456911544,0.133358583677,11.3514460332,0.0443747327145,0.0408726740287,0.0,-0.287361763774,0.33015438736,2.39371643636,-0.0602418138234,-0.0295024854912,0.0,416.4107278773146,417.6023467209522,418.92581437695236,416.8757426796725
1.1400000000000006,-0.122516591533,0.15392588477,11.4947396406,0.0413356125219,0.0392089110962,0.0,-0.310752233602,0.355168542326,2.38277457511,-0.0698378826792,-0.0344718167148,0.0,407.2704025715929,406.82526743610345,406.267571820304,405.4029085909852
1.2000000000000006,-0.142091807609,0.176215966932,11.6436910355,0.0420344956378,0.0389127615093,0.0,-0.3417239326,0.38792536064,2.5818315822,-0.0952899560839,-0.050304165839,0.0,473.3253711849844,472.1046770857356,474.2829115947398,472.3195758736752
1.2600000000000007,-0.163361900326,0.200279771632,11.7995340643,0.0453135991196,0.0497883753544,0.0,-0.368313513649,0.41446637366,2.61279590885,-0.0636116041009,-0.092354330558,0.0,423.6159635209623,419.9810854765758,419.9200748626481,422.65273679814214
1.3200000000000007,-0.186463521654,0.22605215458,11.9589413682,0.0421787672958,0.0463212798461,0.0,-0.401403701587,0.444278246695,2.70060377991,-0.0556870221893,-0.109377127363,0.0,441.64069461417046,440.2260587360819,439.1587883457707,439.8129096649445
1.3800000000000008,-0.211380371158,0.253478410474,12.1216728652,0.0423481855894,0.0397758389372,0.0,-0.428569698213,0.469923564458,2.7237493784,-0.0363272097504,-0.112449773885,0.0,420.01604518486687,419.73791311324305,418.4791631481363,420.15928052636275
1.4400000000000008,-0.238108102774,0.282761599308,12.2934651085,0.0403907865434,0.0342698589225,0.0,-0.461611791358,0.505893904952,3.00200363178,-0.0322256401761,-0.10138823547,0.0,496.98274894583574,497.7837915209486,497.1682066234156,497.4682442564872
1.5000000000000009,-0.266503008114,0.313947323768,12.4768053107,0.0390929504696,0.028177351965,0.0,-0.48425382234,0.533473731352,3.10907788566,-0.0246096209778,-0.102009212979,0.0,447.9271686681913,447.86781388171454,448.081371127085,448.69982743582267
1.560000000000001,-0.296142094509,0.3467612323,12.6665705086,0.0379160908263,0.0248727404297,0.0,-0.503391651217,0.560193916441,3.21614522055,-0.0319258158904,-0.121631487708,0.0,449.9155981873758,448.31377195271,448.58821196973116,447.9935421160524
1.620000000000001,-0.326843323473,0.381175492461,12.8625755057,0.0450420405031,0.0182005282764,0.0,-0.519310374537,0.587632366352,3.31704841445,-0.000165007353105,-0.13158005516,0.0,448.97470610302867,448.15274441842985,444.9373607391293,447.5300348109364
1.680000000000001,-0.358325940543,0.417253472333,13.0621245943,0.0472296018825,0.0137422482421,0.0,-0.529696550233,0.615173710998,3.33453330108,-0.0176479554596,-0.112438199853,0.0,419.8877905836772,421.52999414358464,422.5067101022408,420.9967110788309
1.740000000000001,-0.390327792304,0.454902777282,13.2602084137,0.0499089008254,0.0123649712581,0.0,-0.536911800166,0.64000055278,3.26844165799,0.00236573732315,-0.0882277928988,0.0,391.5531697491014,393.7880995209103,391.73621790943514,393.59303363776644
1.8000000000000012,-0.4227993123,0.494363870093,13.4600724582,0.0500561134031,0.00784250393078,0.0,-0.544985249482,0.675364106494,3.39333419948,-0.000273657486335,-0.079733725235,0.0,455.9517176307006,456.62404613934467,454.2343460884864,454.0225962210158
1.8600000000000012,-0.455639604437,0.535789015363,13.6641388441,0.0520152820875,0.00402954804319,0.0,-0.549363679806,0.705629612969,3.40882500726,0.0139701668937,-0.0917956199762,0.0,421.4764647900075,420.4264723280693,420.63944986770343,421.87113802728595
1.9200000000000013,-0.488676493703,0.579210031815,13.8719392797,0.0532107654166,6.2817114825,0.0,-0.551303295674,0.741846470711,3.51752204941,0.0061133744846,-0.0943980404641,0.0,450.9057918370742,450.68838202440946,451.7026041216366,451.0684169371524
1.9800000000000013,-0.521722348654,0.624732809912,14.0844772992,0.0547887300672,6.27680859194,0.0,-0.549775595737,0.775704182987,3.56691673895,0.0170286352318,-0.105229890685,0.0,433.4988762724117,432.57914096882166,432.6126667863352,433.53071398445087
2.0400000000000014,-0.554539119109,0.6726510957,14.3050971175,0.0672572779584,6.27054050628,0.0,-0.543374159659,0.823070322213,3.78625592119,-0.0212531307467,-0.103798727492,0.0,485.544787350993,485.6435901743582,486.2931849221419,483.4169912561122
2.1000000000000014,-0.586769309881,0.72398411464,14.5434884995,0.07008337964,6.26641481748,0.0,-0.530421695535,0.888370654646,4.15878888413,-0.0446702515723,-0.120927691323,0.0,529.491564696009,528.3033001976661,529.9952771351968,528.3831753528067
2.1600000000000015,-0.61825916655,0.778630821801,14.7947375784,0.0694789725206,6.25949543535,0.0,-0.518592563891,0.933119174604,4.2159658734,-0.0616989162332,-0.128593435792,0.0,440.2843735134537,439.6356240897844,441.7702624953444,440.36212591435793
2.2200000000000015,-0.648988274395,0.835733929063,15.0463776815,0.0683696865785,6.25456741911,0.0,-0.505325794084,0.970213843463,4.17220105306,-0.0452199182687,-0.14812333954,0.0,408.37278700283315,406.60805258111753,407.004504576806,408.4743977945374
2.2800000000000016,-0.678759621322,0.895194198511,15.2976765248,0.0660176202798,6.24598911051,0.0,-0.48626543424,1.01155127617,4.20431434794,-0.0397286655824,-0.143116789753,0.0,432.53870938184457,432.93946440079617,432.17509936847216,432.63663038794806
2.3400000000000016,-0.707093188446,0.957343250473,15.5547630631,0.0641229013111,6.24068691908,0.0,-0.457644630578,1.05981191359,4.36463256308,-0.0331751097878,-0.164207977461,0.0,474.40387789785973,472.76175937770756,471.2334995218404,471.73928146406166
2.4000000000000017,-0.733645939038,1.02223423269,15.8197588189,0.0624842253683,6.23092856992,0.0,-0.426464535788,1.10300583251,4.46814039539,-0.0277676832378,-0.16184001325,0.0,455.58393117071523,455.7485183988821,457.38619350305885,457.8163695214199
2.4600000000000017,-0.758298685189,1.08951747248,16.0877886912,0.0719596084385,6.22144090252,0.0,-0.394477148574,1.14055920625,4.46608020075,0.00761660796373,-0.168348708795,0.0,423.95017866765346,423.36338108769735,422.73795500403264,425.7763972880029
2.520000000000002,-0.780722977273,1.15935854979,16.3579786179,0.0724924473946,6.21344239046,0.0,-0.352217277694,1.18748910738,4.5399030992,0.00966332392596,-0.153620844782,0.0,447.9287329909044,449.09979810947976,448.60562549839386,448.7716865693299
2.580000000000002,-0.800184629525,1.23229756993,16.6362983928,0.0743202646902,6.20463276794,0.0,-0.295545622476,1.2439351946,4.73652892339,0.0207597381774,-0.161918202987,0.0,487.21793407963105,486.5763002635076,485.2347799867772,486.06702965443986
2.640000000000002,-0.8163281694,1.3083919117,16.9227580988,0.0763917437484,6.19533800795,0.0,-0.241676548165,1.2926958023,4.81171281771,0.0295869874341,-0.155916325957,0.0,451.93375457220554,452.3935155872633,450.7735568884987,451.4864639260831
2.700000000000002,-0.828806768861,1.3876753427,17.216453282,0.0821315971491,6.18599851417,0.0,-0.17329622702,1.35063165292,4.97724162346,0.0502316347228,-0.155300555738,0.0,480.7003011022346,480.72603785636534,478.26382846019294,479.8343476792211
2.760000000000002,-0.836937061092,1.4706212514,17.5208045623,0.0865001332117,6.1868823306,0.0,-0.0978516480247,1.41466681734,5.16685403443,0.036225253594,-0.121492030473,0.0,487.39646034372714,489.89964949690807,489.0944102947969,488.0510258722905
2.820000000000002,-0.841243727819,1.55686481542,17.8292401148,0.0889884614186,6.18041412433,0.0,-0.0451560641093,1.46031098573,5.11446532331,0.0412874854743,-0.112692820578,0.0,414.70349973435356,415.4621082092548,414.56471641457944,415.01016549255934
2.880000000000002,-0.841867751236,1.64624823924,18.1384863853,0.0935664335967,6.17400280564,0.0,0.0249589350172,1.5195515643,5.19321979325,0.0241647715393,-0.107300222969,0.0,457.17170461327237,457.59073848934355,457.72178585053086,456.3574202046762
2.940000000000002,-0.83858109495,1.73892887048,18.4486474633,0.102298450113,6.16929692545,0.0,0.0850085101221,1.57053310637,5.14550381224,-0.0066206521326,-0.0940337672929,0.0,417.1245069405059,418.2717102234146,418.5084430344568,415.8197562820367
3.000000000000002,-0.831111041431,1.835223709,18.7602506946,0.102388085344,6.1640308392,0.0,0.164471497058,1.63921575327,5.24071822701,-8.33708281516e-05,-0.102057444842,0.0,464.20211422721496,463.5643940214594,462.5083456455602,463.02308479143073
3.0600000000000023,-0.818733625478,1.93567488901,19.0778430624,0.105223621682,6.16009342989,0.0,0.248436926817,1.70934686529,5.34505286001,0.0172181407875,-0.119499010812,0.0,467.32249117190895,465.9511095940333,467.216045902466,468.56315034977314
3.1200000000000023,-0.800849965369,2.0407167064,19.4047018313,0.109906401992,6.15480458618,0.0,0.3481603107,1.79243331157,5.54902617301,0.0369800001054,-0.135772092963,0.0,497.97090173346686,496.7665308367263,497.7296549086639,499.17407090057907
3.1800000000000024,-0.777399972125,2.15037010933,19.7395253992,0.112147821704,6.14680306634,0.0,0.434228629,1.86281650732,5.61124175291,0.0378181485117,-0.141311066088,0.0,457.94093502354417,457.4831002411392,458.5957591505061,458.66294325588035
3.2400000000000024,-0.748372185946,2.26452949164,20.079901481,0.123082701589,6.13969535714,0.0,0.534025347729,1.94358078535,5.73360745562,0.00434831245347,-0.129629552289,0.0,477.1641419257395,478.0391876067432,479.0139905902924,476.4617225253771
3.3000000000000025,-0.713935575487,2.38311017529,20.4226495779,0.12333619957,6.13487739907,0.0,0.614261720228,2.00910439473,5.69139245561,0.00240553143169,-0.149714826723,0.0,428.06561631779806,426.3345616697976,428.33150179241125,428.1661426163424
3.3600000000000025,-0.67388762043,2.50622876438,20.7674696173,0.132526329108,6.1262458631,0.0,0.72146513771,2.09571586449,5.80160576566,-0.0317631629031,-0.144312413836,0.0,475.8329996616004,476.22754500220566,477.28360222616845,474.66822660128355
3.4200000000000026,-0.62730113799,2.6346293412,21.1184048643,0.131579727765,6.11875433,0.0,0.832095564313,2.18407825557,5.89550886585,-0.0437588484767,-0.133617645525,0.0,472.27241958578685,473.0796355642178,473.7057147940001,472.7817126642299
3.4800000000000026,-0.574408567852,2.76793018306,21.4720966655,0.132703190988,6.1128722033,0.0,0.931499444195,2.25933339439,5.89398305918,-0.0662034303393,-0.118767515861,0.0,444.17376508924144,445.3751084144559,445.4180643277829,443.57660002366515
3.5400000000000027,-0.516417746469,2.90499832588,21.8201116315,0.12874002739,6.10602106292,0.0,1.00209470623,2.30942110693,5.70737769047,-0.0689931958982,-0.125836117344,0.0,381.0782941590288,380.3858675940514,380.7039293405267,380.4326289416916
3.6000000000000028,-0.453310723828,3.0455805472,22.1613273455,0.125672156061,6.1002096341,0.0,1.10195331732,2.37635950466,5.66652821523,-0.0815974808936,-0.141531476094,0.0,431.79884170506136,430.4560532961728,430.0834488357849,429.00995743874864
3.660000000000003,-0.383574649353,3.19047845852,22.5030337867,0.120785807252,6.09832632157,0.0,1.22271150183,2.45298192813,5.72330501764,-0.0811913688777,-0.1145459884,0.0,461.44840908209886,463.5587400244648,460.7968380138757,460.8238387651285
3.720000000000003,-0.306176412504,3.34012778795,22.8500715743,0.123077946695,6.09164981308,0.0,1.35776768001,2.53544916518,5.8436338741,-0.111736031212,-0.120745928347,0.0,482.3041114402861,481.82451578185163,483.0336353779859,480.71785334901057
3.780000000000003,-0.221428661616,3.49418012774,23.1997327613,0.120697586977,6.08443020655,0.0,1.4677537283,2.59938313729,5.81167638259,-0.135746847345,-0.124058546777,0.0,436.63547748656515,436.3452431589181,436.8587751384133,434.838296314304
3.840000000000003,-0.128580902371,3.65281086424,23.5542178766,0.114522584483,6.07719206788,0.0,1.62776828953,2.6873378639,6.0032364792,-0.121526321296,-0.120151816847,0.0,504.6680127319939,504.93830313207786,504.27626862724026,505.2891386852913
3.900000000000003,-0.0270085397031,3.81599348366,23.9152641249,0.107993431801,6.07131561408,0.0,1.75845715711,2.75135202199,6.03131948666,-0.113086914573,-0.108649799648,0.0,457.63810877269395,458.5412662422912,458.14885249002674,458.80732564894106
3.960000000000003,0.0829190248659,3.98307961685,24.2798789055,0.101240030625,6.06613926349,0.0,1.90614905163,2.81734689251,6.12183590972,-0.116580987863,-0.122600356681,0.0,477.8261067402718,476.75070453114944,479.2485277146755,478.9722176244758
4.020000000000002,0.201109228408,4.15365938985,24.6467294333,0.0973840453518,6.05883030176,0.0,2.03411066446,2.86824808545,6.10633843122,-0.137226754212,-0.126463698478,0.0,448.10160250621203,447.77356079554005,445.9799528471697,444.2761740465168
4.080000000000001,0.327576558569,4.32741505905,25.0148922064,0.0898088578677,6.06254402467,0.0,2.18093438729,2.92277002424,6.16549065899,-0.147397196534,-0.164510593189,0.0,471.15069207570224,468.18221167865164,471.20004208776203,470.3957747690582
4.14,0.463160835349,4.50442579921,25.3881300909,0.0856207436382,6.05394387783,0.0,2.33920921147,2.97702429242,6.27479111274,-0.172265247909,-0.178117407214,0.0,486.7911088437278,485.74690080706887,487.11057227184136,485.22620306037294
4.199999999999998,0.608387194642,4.68456389935,25.7678981164,0.0760524355162,6.0524540629,0.0,2.50157176753,3.02643843388,6.38347053896,-0.183138828775,-0.212561852628,0.0,489.12357669765527,486.519394318554,488.13772555599843,487.2986181410868
4.259999999999997,0.762254235992,4.86707347836,26.1492690398,0.0651456058792,6.03970670846,0.0,2.62837280898,3.05623902891,6.32893220553,-0.180989988125,-0.21227794298,0.0,438.35703913652355,438.3354369900558,438.2595587820708,438.40546524526104
4.319999999999996,0.924345833634,5.05128436521,26.5289999132,0.0560256880419,6.0280963407,0.0,2.77563786346,3.08322643297,6.32840423622,-0.196688838649,-0.201791745868,0.0,455.4453414645901,456.24180680041235,456.51300772304353,455.2255244336346
4.379999999999995,1.09550990162,5.23693104788,26.9088195049,0.0444260817829,6.01809502002,0.0,2.93064852653,3.10384932339,6.33192473946,-0.192825570131,-0.187049896698,0.0,456.3681355604701,457.50691462647393,458.64433927635383,458.9151844513975
4.439999999999993,1.27520871257,5.4234412803,27.2853915991,0.0328714478949,6.00782250271,0.0,3.06015398559,3.11225455281,6.2208510467,-0.192229327858,-0.17750404218,0.0,420.72465871457086,421.5158005571437,419.9410413676208,419.95423633865323
4.499999999999992,1.46254418069,5.61025083549,27.6543195339,0.0247473218754,5.99861567195,0.0,3.18511608374,3.11415877537,6.07725309025,-0.213693906896,-0.16548961107,0.0,407.82816410388955,408.86837332959334,409.1429844661696,407.18395457687313
4.559999999999991,1.65850337228,5.79711663467,28.0180596544,0.0120437800089,5.99075940312,0.0,3.34746947131,3.1135571673,6.04729054011,-0.218846893884,-0.150872486875,0.0,445.98326368208586,447.15149553702054,445.74003696867993,445.2728881994117
4.6199999999999894,1.86481765458,5.98373042422,28.3817135153,6.28241738326,5.99060349857,0.0,3.52948227179,3.10564023052,6.0742970552,-0.21374466473,-0.184769353391,0.0,466.04906409902594,463.36751012016424,464.079284209333,464.4353111376506
4.679999999999988,2.08238347632,6.16961264453,28.7480036279,6.26958383284,5.98013727761,0.0,3.72347626735,3.08912684571,6.13452824393,-0.21556175392,-0.194678985228,0.0,475.85670456953136,475.06546428477003,475.8775827663417,475.69639953183895
4.739999999999987,2.31176239691,6.35424029641,29.1177743,6.25676145909,5.96844738668,0.0,3.92335646171,3.06384658181,6.1902325546,-0.21291570706,-0.196467607444,0.0,475.5911943560378,475.4196415156862,476.52569289928005,476.68588921246743
4.799999999999986,2.55245874584,6.53717865946,29.4881280356,6.24661612018,5.95891787431,0.0,4.10054365945,3.03325359968,6.15456146563,-0.231921553386,-0.181162292566,0.0,447.65446870939246,448.86321620992476,450.1258026550394,448.5375845426559
4.859999999999984,2.80380490237,6.71813113274,29.8559338449,6.23941020167,5.94990023055,0.0,4.27828095976,2.99794829687,6.10533522458,-0.261523317013,-0.167407079237,0.0,444.8655677365594,445.96081798202016,445.93345703573084,443.4495025433209
4.919999999999983,3.06643676849,6.89674657117,30.2223983765,6.22521008829,5.96112218086,0.0,4.47484134887,2.95456244322,6.1104748916,-0.249293842785,-0.219139533161,0.0,464.4214427276009,460.31292980926276,462.8173275753797,463.7154908049721
4.979999999999982,3.34063434855,7.07251597548,30.5890113222,6.21442396869,5.94909882176,0.0,4.66592638182,2.90348142561,6.10922415004,-0.228089601772,-0.20866003523,0.0,460.033221760502,460.81835831933137,460.5839548990318,462.20213381737324
5.0399999999999805,3.62664806152,7.24499017457,30.9559263213,6.20086059487,5.93747996289,0.0,4.86865642907,2.8444723253,6.12043912958,-0.225280663338,-0.199395653367,0.0,466.11072265764625,466.7950599532773,466.4855003788093,466.65629527773785
